0 0 0.087988
1 0 0.049928
2 0 0.069896
3 0 0.16016
4 0 0.02776
5 0 0.177792
6 0 1.33508
7 0 0.127392
8 0 0.01056
10 0 0.019416
11 0 0.287872
12 0 0.079776
13 0 0.05848
14 0 0.036464
15 0 1.56204
17 0 1.39571
18 0 0.960416
20 0.00808 0.009536
21 0 0.350048
22 0 0.035688
23 0.080252 0.214576
25 0.097884 0.008252
26 1.25517 0.008116
27 0.047484 0.008252
28 0 0.02596
29 2.39888 0.008764
30 0 0.704672
31 0.207964 0.008252
32 0 0.070736
34 0 0.156084
35 1.48214 0.008252
38 0.880508 0.008764
40 0 0.057516
41 0.27014 0.008252
42 0 0.009276
43 0.21492 0.008252
44 1.59098 0.008892
45 0.026228 0.008252
46 1.18338 0.017804
47 0 0.517492
48 0 0.065728
49 2.32774 0.017748
50 0.624764 0.008764
51 0.136308 0.008764
52 0 0.043692
53 1.84843 0.008116
54 0.076176 0.008116
55 1.41048 0.008764
56 3.68325 0.008116
57 3.71007 0.008116
58 0.809364 0.03658
59 4.18794 0.008116
60 0 0.03074
61 0.198484 0.008764
62 0 0.012896
63 0.143264 0.008764
64 1.51996 0.008252
65 0 0.298424
66 1.12127 0.026092
67 0.437584 0.008252
68 0 0.084012
69 2.26558 0.008252
70 0.55362 0.008116
71 0.065164 0.008116
73 1.77664 0.008252
74 0.004384 0.0175
75 1.33934 0.008252
76 3.61146 0.018388
78 0.766036 0.008764
79 4.11615 0.008252
80 0 0.032376
81 0.12734 0.008764
82 0 1.30369
83 0.07212 0.008764
84 1.4483 0.008764
85 0.218516 0.008764
86 1.06746 0.025448
87 0.365928 0.008764
88 0.004104 0.018392
89 2.19392 0.008252
90 0.481828 0.026224
91 0 0.01364
92 2.47251 0.008892
93 1.70498 0.008252
94 0 0.040588
95 1.26768 0.008116
96 3.54994 0.016588
97 4.97958 0.008252
98 0.694892 0.008764
99 4.0445 0.008764
100 0 0.122004
101 0.056196 0.008252
102 1.22378 0.008252
104 1.37716 0.008252
105 0.147372 0.008116
106 1.013 0.008764
107 0.294784 0.008252
108 0 0.009224
109 2.12226 0.008116
110 0.428144 0.008252
111 0 0.07266
112 2.4015 0.008252
113 1.63333 0.008764
114 0 0.019236
115 1.19589 0.008764
116 3.48662 0.008764
117 4.90793 0.008252
118 0.623748 0.008252
119 3.97335 0.008252
120 0.042096 0.008116
121 0 0.033792
122 1.15212 0.008252
123 2.44239 0.008116
124 1.3055 0.008116
125 0.07558 0.008764
126 0.941852 0.008764
127 0.223128 0.008764
128 0 0.02558
129 2.05047 0.008116
130 0.356488 0.008252
131 0 0.016724
132 2.32984 0.008764
133 1.56218 0.008252
134 0 0.00838
135 1.12474 0.00838
136 3.41548 0.008764
137 4.83627 0.009916
138 0.552092 0.008116
139 3.9017 0.008252
140 0 0.030532
141 0 0.039388
142 1.08047 0.008252
143 2.3706 0.008764
144 1.23371 0.008764
145 0.004436 0.008252
146 0.870708 0.008764
147 0.151984 0.008252
148 0 0.915388
149 1.97868 0.008252
150 0.284832 0.008764
151 0 0.057972
152 2.2587 0.008252
153 1.49053 0.008252
154 0 0.021032
156 3.34433 0.008764
157 4.76628 0.008252
158 0.4803 0.00838
159 3.83004 0.008764
160 0 1.7542
162 1.00881 0.008116
163 2.29946 0.008764
164 1.16257 0.008116
165 0 0.026092
166 0.799564 0.008116
167 0.080328 0.008252
168 0.83548 0.008252
169 1.90702 0.008252
170 0.213688 0.008252
171 0 0.017748
172 2.18704 0.008252
173 1.41887 0.008252
174 0 0.00838
175 2.2209 0.008764
176 3.27319 0.008252
177 4.69462 0.008116
178 0.408772 0.008252
179 3.7589 0.008116
180 1.67429 0.008252
181 2.26246 0.016588
182 0.93702 0.008764
183 2.22831 0.008764
184 1.09078 0.008252
185 0 0.025396
187 0.008672 0.025068
189 1.83537 0.008764
190 0.142032 0.008252
191 0 0.041952
193 1.34722 0.008116
194 0 0.017052
195 2.14976 0.009404
196 3.20153 0.008252
197 4.62283 0.008116
198 0.337116 0.008252
199 3.6871 0.008764
200 1.60263 0.008252
201 2.19914 0.008764
202 0.865876 0.008252
203 2.15717 0.016588
204 1.01912 0.008764
205 0 0.086704
207 0 0.019196
208 2.17398 0.008252
209 1.76422 0.016592
210 0.070376 0.008116
211 0 0.362232
212 3.74197 0.008116
213 1.27542 0.008252
214 0 0.010208
215 2.07926 0.008252
216 3.12988 0.008764
217 4.55104 0.008116
218 0.26546 0.008252
219 3.61596 0.008116
220 1.53098 0.016592
221 2.12799 0.008252
222 0.79422 0.008764
223 2.09385 2.08274
224 0.947976 0.008764
225 0.006796 0.00838
226 4.5311 0.008116
227 0 0.035448
228 2.10232 0.00838
229 1.70091 0.008116
230 0 0.04366
231 0.282324 0.008116
232 3.67018 0.008252
233 1.20377 0.017104
234 0 0.02352
236 3.05873 0.008116
238 0.193804 0.017616
239 3.54417 0.008116
240 1.46766 0.008252
241 2.05634 0.008252
242 0.723076 0.008252
243 4.09668 0.008252
244 0.876832 0.008252
245 0 0.018636
246 4.45931 0.008252
247 0 0.287256
249 1.62912 0.008116
250 0 0.037732
251 0.210532 0.008252
252 3.59852 0.447172
253 1.14096 0.008116
254 0 0.028004
255 3.75996 0.008248
256 2.98694 0.008764
257 6.00226 0.008116
258 0.131512 0.008252
259 3.47238 0.008252
260 1.396 0.008252
261 1.98468 0.008252
262 0.65142 0.008764
263 4.02503 0.008252
264 0.805176 0.008252
265 0 0.042052
266 4.38765 0.008252
267 0.207348 0.008116
268 4.34505 0.008116
269 1.55732 0.008764
270 0 1.18119
271 0.138876 0.008764
272 3.96579 0.008252
273 1.06917 0.008116
274 0 0.083164
275 3.6883 0.008764
276 2.9158 0.008764
277 5.93047 0.008764
278 0.059856 0.008764
279 3.40072 0.008252
280 1.32435 0.008252
281 1.91302 0.008764
282 0.580276 0.008252
283 3.95337 0.008764
284 0.73352 0.008252
285 0 0.020492
286 4.316 0.008252
287 0.135556 0.008116
288 4.27326 0.008764
289 1.48618 0.008764
290 1.10128 0.008764
291 0.067732 0.008764
292 3.89413 0.008764
293 0.99738 0.008116
294 0.003256 0.008892
295 3.61715 0.008764
296 2.84465 0.008764
297 5.85933 0.008252
298 0 0.028704
299 3.32906 0.008116
300 1.25269 0.008764
301 1.84188 0.008252
302 0.50862 0.008764
303 3.88223 0.008252
304 0.661864 0.008116
305 0 0.039044
306 4.24434 0.008252
307 0.063764 0.008116
308 4.20211 0.008764
309 1.41504 0.008764
310 1.03014 0.026832
311 0 0.027116
312 3.82299 0.00838
313 0.925588 0.008116
314 0 0.00838
315 3.54601 0.011068
316 2.77351 0.008764
317 5.78767 0.008764
318 0 0.01826
319 3.25727 0.008252
320 1.18155 0.008764
321 1.77022 0.008764
322 0.437476 0.008116
323 3.81057 0.008764
324 0.590072 0.008116
325 0 0.019284
326 4.17268 0.008764
327 0 0.044676
329 1.34389 0.008116
330 0.977064 0.008116
331 0 0.009916
332 3.75146 0.008252
333 0.853796 0.008116
334 0 0.034796
335 3.47717 0.008764
336 2.70236 0.008252
337 5.71653 0.008252
338 0 0.071812
339 3.18562 0.008764
340 1.1104 0.008252
341 1.69908 0.008252
342 0.365684 0.00838
343 3.73943 0.008252
344 0.51828 0.008116
345 0 0.01902
346 4.10154 0.008252
347 0 0.132204
348 5.88063 0.008252
349 1.2721 0.008764
350 0.905272 0.008764
351 0 0.15678
353 0.782004 0.008116
354 0 0.009652
355 3.40602 0.008764
356 2.63071 0.008116
357 5.64487 0.008252
358 0 0.044048
359 3.11447 0.008252
360 1.03875 1.31102
361 1.62742 0.008252
362 0.294156 0.008252
363 3.66777 0.008252
364 0.446488 0.008116
365 0 0.016664
366 4.02988 0.008764
367 0.052296 0.009404
368 5.80897 0.008764
369 1.20096 0.008252
370 0.834128 0.008764
371 0.076872 0.008764
372 5.17021 0.008116
373 0.710212 0.008764
374 0 1.86261
375 3.33488 0.008252
376 2.55892 0.008116
377 5.57322 0.008116
378 0 0.026544
379 3.04282 0.008764
380 2.26986 0.008764
381 1.55577 0.008252
382 0.2225 0.008252
383 3.59612 0.008764
384 0.374696 0.008116
385 0 0.014108
386 3.95874 0.008116
387 0 0.446892
388 5.73783 0.008252
389 1.1293 0.008252
390 0.762984 0.009404
391 0.005728 0.026092
393 0.639068 0.008252
394 1.7827 0.008252
395 3.26322 0.008116
396 2.48712 0.008116
397 5.50142 0.008116
398 0 0.022964
399 2.97167 0.008252
400 2.19871 0.008764
401 1.48411 0.008252
402 0.150844 1.77029
403 3.52497 0.008116
404 0.302904 0.008764
406 3.88695 0.008764
407 0.366984 0.008116
408 5.66617 0.008252
409 1.05764 0.008764
410 0.69248 0.008764
412 6.89379 0.008116
413 0.567412 0.00838
414 1.71104 0.008764
415 3.19143 0.008764
416 2.41533 0.008764
419 2.90002 0.008116
420 2.12757 0.009916
421 1.41246 0.008764
422 1.84122 0.008892
423 3.45318 0.008252
424 0.23176 0.008116
425 1.2773 0.008116
426 3.8158 0.008116
427 0.295192 0.008116
428 5.59452 0.008116
429 0.9865 0.008384
430 0.621336 0.008764
431 1.20773 0.008252
433 0.495884 0.008764
434 1.6399 0.008252
435 3.12029 0.008252
436 2.34419 0.008764
437 6.88091 0.008764
438 1.15552 0.008116
439 2.82822 0.008252
440 2.05758 0.008764
441 1.34131 0.008252
442 1.77021 0.008764
443 3.38152 0.008116
444 0.159968 0.008116
446 3.74401 0.008116
447 0.2234 0.008252
448 5.52272 0.008252
449 0.914976 0.008764
450 0.550192 0.008764
451 1.13608 0.008252
453 0.42474 0.008252
454 1.56824 0.008252
455 3.04863 0.008116
456 2.27304 0.008116
457 6.80976 0.008252
459 2.75657 0.008764
460 1.98643 0.008252
461 1.26966 0.008252
462 1.69906 0.008764
463 3.30973 0.008116
464 0.088176 0.008116
465 2.44005 0.008116
466 3.67222 0.008764
467 0.151744 0.008116
468 5.45107 0.008764
469 0.843832 0.008252
470 0.479048 0.01728
471 1.06442 0.008892
473 0.353084 0.008764
474 1.49659 0.008252
475 2.97684 0.008116
476 2.20125 0.008116
477 6.73811 0.008252
478 3.14868 0.008252
479 2.68542 0.008116
480 1.91478 0.008252
481 1.198 0.008252
482 1.62792 0.008764
483 3.23794 0.008252
484 0.016384 0.008116
485 2.36826 0.008892
486 3.60108 0.008764
487 0.079952 1.75646
488 5.37992 0.008116
489 0.772176 0.008252
490 0.41642 0.008116
491 0.993404 0.008764
493 0.28194 0.008764
494 1.42493 0.008116
495 2.90505 0.008116
496 2.12946 0.008764
497 6.66645 0.008764
499 2.61363 0.008116
500 1.84312 0.018388
501 1.12634 0.008764
502 1.55678 0.008764
503 3.16628 0.008116
504 0 0.008204
505 2.29724 0.008252
506 3.52993 0.008764
507 1.7565 0.008116
508 5.30813 0.008116
509 0.70052 0.008252
510 0.344628 0.008252
513 0.210796 1.07227
514 1.35314 0.008252
515 2.83326 0.008252
516 2.05832 0.008116
517 6.59531 0.008252
518 5.83098 0.008116
519 2.54184 0.026092
521 1.0552 0.008116
522 1.48563 0.008252
523 3.09449 0.008116
524 0 0.012016
525 2.22558 0.008384
526 3.45879 0.008252
527 1.68471 0.008252
528 5.23634 0.008764
529 0.628864 0.008116
530 0.272972 0.008116
531 2.81306 0.008116
533 1.20316 0.008252
534 1.28148 0.008764
535 2.7616 0.008764
536 1.98652 0.008116
537 6.52365 0.008116
538 5.75919 0.008764
539 2.48802 0.008252
540 3.19938 0.008116
541 0.983408 0.008764
542 1.41398 0.008252
543 3.0227 0.008116
544 0 0.07886
545 2.15406 0.008252
546 3.38713 0.008764
547 1.61306 0.008252
548 5.1652 0.008764
549 0.557072 0.008116
550 0.20118 0.008116
554 1.21034 0.008116
555 2.69046 0.008116
556 1.91473 0.008252
557 6.45186 0.008116
558 5.68804 0.008764
559 2.41637 0.008252
560 3.12759 0.00838
561 0.912264 0.008764
562 1.34232 0.008116
563 2.95091 0.008252
564 0 0.008116
565 2.0824 0.008252
566 3.31599 0.008116
568 5.09405 0.008252
569 0.48528 0.008252
570 0.129388 0.008252
571 4.67067 0.008252
574 1.13855 0.008764
575 2.61866 0.008764
576 1.84308 0.008116
577 6.38007 0.008764
578 5.6169 0.008764
579 2.34471 0.008252
580 3.05606 0.008764
581 0.84112 0.008116
582 1.27053 0.008252
583 2.87925 0.008116
584 0 0.008116
585 2.01075 0.008764
586 3.2442 0.008116
587 4.01778 0.008764
588 5.0224 0.008116
589 0.413624 0.008116
590 0.057732 0.008252
591 4.59901 0.008252
593 3.84068 0.008116
594 1.0674 0.008116
595 2.54752 0.008116
596 1.77128 0.008116
597 6.30892 0.008252
598 5.54576 0.84704
599 2.27306 0.008764
600 2.98492 0.767336
601 0.769328 0.008116
602 1.19887 0.008764
603 2.80746 0.008116
605 1.9396 0.008116
606 3.1724 0.008764
607 3.94663 0.008764
608 4.9506 0.008764
609 0.341832 0.008116
610 0 0.019224
611 4.52736 0.008764
613 3.76889 0.008892
614 0.995612 0.008764
615 2.47573 0.008764
616 1.69949 0.008252
617 6.23727 0.008116
618 6.31289 0.008764
619 2.20191 0.008252
620 3.67234 0.008116
621 0.697536 0.008764
622 1.12773 0.008116
623 2.73567 0.008252
624 1.65389 0.008252
626 3.10126 0.008252
627 3.87549 0.008764
628 4.87946 0.008116
629 0.27004 0.008764
630 0 0.016116
631 4.45621 0.008764
633 3.69788 0.008252
634 0.924468 0.008116
635 2.40458 0.008252
636 1.62784 0.008764
637 6.16548 0.008116
638 6.24174 0.009916
639 2.13026 0.008116
641 0.626392 0.008252
642 1.05594 0.008764
643 2.66401 0.008252
644 1.58223 0.009404
645 4.01555 0.008764
647 3.80434 0.008896
648 4.80767 0.008116
649 0.198896 0.008116
650 0 0.012472
651 4.38507 0.008764
653 3.62622 0.008764
654 0.852676 0.008116
655 2.33293 0.016588
656 1.55669 0.008116
657 6.09368 0.008116
658 6.17175 0.008252
659 2.05846 0.008764
660 6.12577 0.008764
661 0.554736 0.008764
662 0.984792 0.008116
663 2.59236 0.008764
666 4.76128 0.008116
667 3.73333 0.008252
668 4.73588 0.008116
669 0.127104 0.008764
670 0 0.152288
671 4.31392 0.008116
673 3.55508 0.008252
674 0.780884 0.008252
675 2.26961 0.008764
676 1.4849 0.008764
677 6.02189 0.008764
678 6.1001 0.008764
679 1.98732 0.008764
680 6.05463 0.008764
681 0.483592 0.008252
682 0.913 0.008252
683 2.52121 0.008116
684 3.05726 0.008764
685 6.13087 0.008764
686 4.68949 0.008764
687 3.66168 0.008116
688 4.66408 0.008764
689 0.05596 0.008116
690 0.07238 0.0683
691 4.24213 0.79118
693 3.48342 0.008252
694 0.709228 0.008764
695 2.19846 0.008252
696 1.41376 0.02622
697 5.95075 0.008116
698 6.02895 0.008252
699 1.91618 0.008116
700 5.98348 0.008252
701 0.411936 0.008252
702 0.841344 0.008764
703 2.44942 0.008764
704 2.98612 0.008764
706 4.61834 0.008252
707 3.58988 0.008116
708 4.59294 0.008116
709 0 0.052336
711 4.9534 0.008892
713 3.41176 0.008252
714 0.638084 0.008252
715 2.12681 0.009916
716 1.36007 0.010428
717 5.87896 0.008116
718 5.9573 0.008252
719 1.84438 0.008116
720 5.91183 0.016588
721 0.34028 0.008116
722 0.7702 0.008116
723 2.37828 0.008116
724 2.91497 0.008252
726 4.54669 0.008252
727 3.51809 0.008116
730 2.083 0.008252
731 4.88239 0.008252
733 3.34011 0.008252
734 0.566428 0.008252
735 2.05682 0.008252
736 1.29059 0.008764
737 5.80716 0.008764
739 1.77259 0.008116
740 5.84851 0.008252
741 0.268488 0.008116
742 0.698408 0.008116
743 2.30648 0.008116
744 2.84332 0.008252
746 4.47503 0.008764
747 3.4463 0.008252
748 5.90824 0.008116
749 2.07994 0.008252
750 2.01135 0.008764
753 3.26845 0.008116
754 0.494772 0.008116
755 1.98516 0.008764
756 1.21944 0.008252
757 5.73602 0.008252
759 1.7008 0.008252
760 5.77685 0.008252
761 0.196696 0.008116
762 0.626616 0.008764
763 2.23469 0.008252
764 2.77166 0.008116
766 4.40389 0.008252
767 3.37464 0.008116
768 5.83645 0.00838
770 1.9402 0.008252
773 3.19666 0.008116
774 0.42298 0.008764
775 1.91402 0.008764
776 1.14779 0.008252
779 1.62914 0.008116
780 5.7052 0.008764
781 0.124904 0.008116
782 0.555472 0.008116
783 2.16304 0.008116
784 2.69987 0.008252
786 4.33223 0.008116
787 3.30285 0.008116
788 5.76492 0.008252
789 3.7555 0.008248
793 3.12487 0.008116
794 0.351836 0.008116
796 1.07613 0.008116
799 1.55735 0.008764
800 5.63405 0.008252
801 0.053112 0.008116
802 0.48368 0.008252
803 2.09124 0.008116
804 2.62821 0.008116
806 4.26044 0.008116
807 3.23106 0.008252
808 5.69327 0.008252
810 3.31446 0.008116
813 3.05308 0.008764
814 0.280044 0.008116
815 3.6248 0.008252
816 1.00434 0.008252
819 1.48621 0.008252
820 5.5624 0.008252
822 0.412024 0.008116
824 2.55642 0.008252
826 4.18865 0.008116
827 3.1594 0.008116
828 5.62161 0.008252
829 5.01936 0.008252
833 2.98193 0.008252
834 0.208252 0.008252
835 3.55314 0.008252
836 0.932684 0.008116
839 1.41455 0.008764
840 5.49074 0.6226
841 2.28186 0.008892
842 0.340232 0.008252
843 3.49882 0.008116
844 2.48476 0.008764
846 4.11686 0.008764
847 3.08761 0.008252
849 4.9477 0.008252
850 5.04998 0.008252
853 2.91028 0.008764
854 0.136596 0.008116
855 3.48149 0.008764
856 0.860892 0.008116
859 1.34341 0.008116
860 6.03343 0.00838
861 2.21084 0.008252
862 0.268576 0.008116
864 2.41362 0.008764
866 4.04571 0.008764
867 3.01596 0.008764
869 4.87604 0.008764
870 4.97832 0.008252
873 2.83913 0.008764
874 0.064804 0.008116
875 3.41034 0.008252
876 0.7891 0.008764
879 1.27162 0.008116
880 5.9619 0.008764
881 2.13918 0.008252
882 0.196784 0.008252
883 5.66424 0.008116
884 2.34248 0.008116
886 3.97457 0.008764
887 2.94481 0.008116
889 4.8049 0.008764
890 4.90666 0.008252
893 2.76799 0.008116
895 3.33869 0.034428
896 0.717956 0.008252
900 5.89076 0.008252
901 2.06753 0.008252
902 0.125128 0.008116
903 5.59245 0.008252
904 2.27068 0.008116
906 3.90342 0.008116
907 2.87302 0.008116
909 4.73376 0.008764
910 4.83501 0.008252
913 2.6962 0.008116
914 1.98974 0.00838
915 3.29321 0.008252
916 0.6463 0.008116
919 2.98454 0.008248
920 5.8191 0.008252
921 1.99587 0.008252
922 0.053336 0.008116
923 5.52079 0.008252
924 2.19889 0.008252
926 3.83163 0.008252
927 2.80123 0.008116
929 4.66261 0.008252
930 4.76335 0.008252
933 2.6244 0.008252
934 1.91821 0.008764
935 3.22155 0.008892
936 0.574508 0.008764
939 2.91288 0.008252
940 5.74745 0.008764
941 1.92422 0.008252
943 5.44914 0.008764
944 2.12724 0.008764
946 3.75998 0.008252
947 2.72944 0.008252
949 4.59096 0.008252
950 4.6917 0.008252
953 2.55275 0.008252
954 1.84706 0.008252
955 3.15054 2.32462
956 0.503364 0.008116
959 2.84122 0.008764
960 5.6763 0.008764
961 1.85256 0.008252
962 1.77554 0.008116
963 5.37799 0.008764
964 2.05609 0.008116
966 3.68832 0.008252
967 2.65778 0.008116
969 4.5193 0.008116
970 4.62004 0.008116
973 2.48109 0.008116
975 5.39524 0.008252
976 0.431572 0.008252
979 2.77008 0.017236
980 5.60516 0.008252
981 1.7809 0.008252
982 1.70375 0.009028
984 1.9843 0.008116
986 3.61666 0.008116
987 2.58599 0.008252
989 4.44751 0.008764
990 4.54825 0.008764
993 2.4093 0.008252
994 3.87756 0.008116
995 5.32359 0.008764
999 2.70741 0.008764
1000 5.5335 0.008764
1001 1.70925 0.008252
1002 1.63287 0.008764
1004 1.91251 0.008116
1006 3.54487 0.008764
1007 2.51433 0.016588
1009 4.37636 0.008116
1010 4.4771 0.008252
1013 2.33764 0.478076
1014 3.80576 0.016648
1015 5.25244 0.008764
1016 2.6364 0.008892
1020 5.46236 0.008116
1021 1.63759 0.008764
1024 1.84072 0.008116
1026 3.47373 0.008252
1027 2.45101 0.008764
1029 4.30457 0.008116
1030 4.40545 0.008116
1033 2.73581 0.008764
1034 3.7425 0.008252
1035 5.1813 0.008252
1036 2.56538 0.008252
1040 5.39057 0.008116
1041 1.56645 0.008252
1042 3.70589 0.008252
1044 1.76892 0.008116
1046 3.40207 0.008116
1047 2.37987 0.009404
1049 4.23278 0.008764
1050 4.33366 0.016588
1054 3.67085 0.051632
1055 5.10964 0.008116
1056 2.49372 0.008252
1060 5.31878 0.008252
1061 1.49479 0.008764
1062 3.63423 0.102828
1064 1.69713 0.008764
1066 3.33028 0.008116
1067 2.30936 0.008764
1069 4.16164 0.008116
1070 4.27034 0.008252
1073 3.83084 0.008116
1074 3.64257 0.008892
1075 5.03785 0.008764
1076 2.42207 0.008764
1080 5.24712 0.008116
1081 1.42365 0.008764
1082 3.65715 0.009916
1084 1.62599 0.008252
1086 3.25849 0.008116
1087 2.23822 0.008252
1089 4.08984 0.756972
1090 4.19868 0.008252
1094 3.57156 0.008764
1095 4.96671 0.008116
1096 2.35092 0.008764
1100 5.17533 0.008116
1101 1.3525 0.008116
1102 3.58716 0.008252
1104 1.55433 0.008116
1106 3.1867 0.008764
1107 2.16656 0.008764
1109 4.76691 0.008252
1110 4.12702 0.008252
1113 4.94535 0.008252
1114 3.50041 0.008252
1115 4.89492 0.008764
1116 2.27978 0.008116
1119 4.47658 0.04162
1120 5.10354 0.008764
1121 1.28071 0.008116
1122 3.5155 0.008252
1124 1.48254 0.008764
1126 3.11555 0.008116
1127 2.09542 0.462504
1129 4.69525 0.008764
1130 4.05537 0.008764
1133 4.8737 0.008252
1134 3.42876 0.008252
1135 4.82377 0.008252
1136 2.20799 0.008764
1140 5.03239 0.008116
1141 1.20892 0.008116
1142 3.44385 0.008252
1144 1.4114 0.008116
1146 3.04376 0.008116
1147 2.47802 0.008764
1150 3.98422 0.008252
1153 4.80204 0.009404
1154 3.3571 0.008764
1155 4.75212 0.008252
1156 2.13684 0.008764
1160 4.9606 0.008116
1161 1.13713 1.09815
1162 3.37219 0.008252
1164 1.3396 0.008116
1166 2.97197 0.008116
1167 2.40687 0.008764
1170 3.91257 0.008116
1173 4.73154 0.008252
1174 3.28596 0.008252
1175 4.68046 0.008252
1176 2.0657 0.008252
1180 4.88881 0.008116
1182 3.30054 0.008116
1184 1.26781 0.00992
1186 2.90018 0.008252
1187 2.33573 0.008252
1190 3.84078 0.307244
1193 4.65988 0.008764
1194 3.2143 0.008764
1195 4.6088 0.008116
1196 1.99404 0.008116
1200 4.81702 0.008116
1201 3.99196 0.008116
1202 3.22874 0.008116
1204 1.19782 0.008116
1207 2.26407 0.008252
1213 4.58874 0.008252
1214 3.14316 0.008116
1215 4.53701 0.008116
1216 1.92225 0.008764
1220 4.74522 0.008764
1222 3.15695 0.008764
1224 1.12603 0.008116
1227 2.19242 0.008252
1233 4.51708 0.008764
1234 3.07136 0.008252
1236 1.85111 0.008764
1240 4.67408 0.008116
1242 3.08581 0.008116
1244 1.05424 0.008116
1247 2.12076 0.008764
1253 4.44594 0.008116
1254 2.99971 0.008764
1256 1.77996 0.008764
1260 4.60229 0.008764
1262 3.01402 0.008252
1264 0.982448 0.008116
1267 2.04962 0.008116
1273 4.37414 0.008764
1274 2.92856 1.01884
1276 1.70882 0.008252
1280 4.53114 0.008252
1282 2.94236 0.008252
1284 0.910656 0.008116
1287 1.97782 0.008116
1293 4.303 0.008252
1294 3.8675 0.008764
1296 1.63716 0.008252
1300 4.45949 0.008252
1302 2.8707 0.016724
1304 0.838864 0.008116
1307 1.90603 0.008252
1313 4.23134 0.008116
1314 3.79635 0.008252
1316 1.56551 0.008116
1320 4.38783 0.008764
1322 2.80752 0.009916
1324 0.767072 0.008116
1327 1.83438 0.008764
1336 1.49372 0.008252
1340 4.31669 0.008252
1342 2.73753 0.008764
1344 0.69528 0.008252
1347 1.76323 0.008252
1356 1.42206 0.008764
1360 4.24503 0.008116
1362 2.66638 0.008252
1364 0.623624 0.008252
1366 2.18852 0.008764
1367 1.69158 0.008764
1376 1.35092 0.008116
1380 4.17324 0.008252
1382 2.59473 0.008764
1384 0.551968 0.008116
1386 2.11738 0.008252
1387 1.62043 0.008116
1396 1.27912 0.008252
1400 4.10158 0.008252
1402 2.52358 0.008252
1404 0.480176 0.008252
1406 2.04572 0.008116
1407 1.54864 0.008116
1420 4.02993 0.008252
1422 2.45193 0.008116
1424 0.40852 0.008116
1426 1.97393 0.008116
1427 1.47685 0.008116
1436 4.18145 0.00838
1440 3.95827 0.008116
1442 2.38014 0.008252
1444 0.336728 0.008116
1446 1.90214 0.008116
1447 1.40506 0.008252
1456 4.10992 0.008764
1460 3.88648 0.008764
1462 2.30848 0.008252
1464 0.264936 0.008116
1466 1.83034 0.008116
1467 1.3334 0.008116
1480 3.81534 0.008764
1482 2.23682 0.008116
1484 0.193144 0.008116
1486 1.75855 0.008764
1487 1.26161 0.008764
1500 3.74419 0.008116
1502 2.16503 0.008116
1504 0.121352 0.008116
1506 1.68741 0.008116
1507 1.19046 0.008764
1520 3.6724 0.008116
1522 2.09324 0.008764
1524 0.04956 0.008252
1526 1.61562 0.008116
1527 1.11932 0.008116
1540 3.60061 0.008116
1542 2.0221 0.008764
1546 1.54382 0.008116
1547 1.04753 0.008116
1560 3.52882 0.008116
1562 1.95095 0.008116
1564 1.53086 0.008116
1566 1.47203 0.008116
1580 3.45702 0.008116
1582 1.87916 0.008252
1584 1.45907 0.008252
1586 1.40024 0.008116
1600 3.38523 0.008764
1602 1.8075 0.008252
1604 1.38742 0.009916
1606 1.32845 0.008252
1607 0.815736 0.008252
1620 3.31409 0.008116
1622 1.73585 0.008116
1626 1.25679 0.008116
1627 0.74408 0.008116
1642 1.66406 0.008764
1644 2.87968 0.008116
1647 0.672288 0.008116
1662 1.59291 0.008116
1664 2.80789 0.008252
1666 2.36483 0.008116
1667 0.600496 0.573576
1682 1.52112 0.008764
1684 2.73624 0.008764
1686 2.29304 0.008252
1687 1.09416 1.11263
1702 1.44998 0.008116
1706 2.22138 0.008764
1707 2.12688 0.010052
1722 1.37818 0.008116
1726 2.15024 0.008764
1727 2.05703 0.008252
1742 1.30639 0.008116
1746 2.07909 0.010428
1747 1.98537 0.008252
1762 1.2346 0.008116
1766 2.00961 0.008764
1767 1.91372 0.008252
1782 1.16281 0.008116
1786 1.93847 0.008116
1787 1.84206 0.008116
1802 1.09102 0.008116
1807 1.77027 0.008764
1866 1.62668 0.008252
1886 1.55502 0.008116
1906 1.48323 0.008252
1926 1.41157 0.008116
1946 1.33978 0.008252
1966 1.26812 0.008252
1986 1.19647 0.008116
2006 1.12468 0.008764
2026 1.05353 0.008116
2046 0.98174 0.008116
2066 0.909948 0.008252
2086 0.838292 0.72874
2106 1.48712 0.008892
2126 1.41611 0.008252
2146 1.34445 0.008252
2166 1.2728 0.008252
2186 1.20114 0.008764
2200 1.0023 0.008252
2206 1.13 0.008116
2220 0.93064 0.008116
2226 1.0582 0.008116
2240 0.858848 0.008116
2246 0.986412 0.008252
2260 0.787056 0.008764
2266 0.914756 0.008116
2280 0.715912 0.008116
2286 0.842964 0.008116
2300 0.64412 0.008252
2306 0.771172 0.008252
2320 0.572464 0.008764
2326 0.699516 0.008764
2346 0.628372 0.008764
